  1110
, 1011110
. 0110
D 11111111110
E 1010
L 111111111110
U 111111111111
a 101111111
b 01111110
c 011110
d 1111110
e 010
f 1111111110
g 110
h 11110
i 101110
l 111111110
m 01110
n 111110
o 00
p 10110
q 011111110
r 100
s 0111110
t 011111111
u 10111110
v 101111110
x 11111110
111111111110 00 100 010 01110 1110 101110 10110 0111110 10111110 01110 1110 1111110 00 111111110 00 100 1110 0111110 101110 011111111 1110 101111111 01110 010 011111111 1011110 1110 011110 00 111110 0111110 010 011110 011111111 010 011111111 10111110 100 1110 101111111 1111110 101110 10110 101110 0111110 011110 101110 111110 110 1110 010 111111110 101110 011111111 1011110 
0111110 010 1111110 1110 1111110 00 1110 010 101110 10111110 0111110 01110 00 1111110 1110 011111111 010 01110 10110 00 100 1110 101110 111110 011110 101110 1111110 101110 1111110 10111110 111110 011111111 1110 10111110 011111111 1110 111111110 101111111 01111110 00 100 010 1110 010 011111111 1110 1111110 00 111111110 00 100 010 1110 01110 101111111 110 111110 101111111 1110 101111111 111111110 101110 011111110 10111110 101111111 0110 1110 
111111111111 011111111 1110 010 111110 101110 01110 1110 101111111 1111110 1110 01110 101110 111110 101110 01110 1110 101111110 010 111110 101110 101111111 01110 1011110 1110 011111110 10111110 101110 0111110 1110 111110 00 0111110 011111111 100 10111110 1111110 1110 010 11111110 010 100 011110 101110 011111111 101111111 011111111 101110 00 111110 1110 10111110 111111110 111111110 101111111 01110 011110 00 1110 111111110 101111111 01111110 00 100 101110 0111110 1110 111110 101110 0111110 101110 1110 10111110 011111111 1110 101111111 111111110 101110 011111110 10111110 101110 10110 1110 010 11111110 1110 010 101111111 1110 011110 00 01110 01110 00 1111110 00 1110 011110 00 111110 0111110 010 011111110 10111110 101111111 011111111 0110 1110 
11111111110 10111110 101110 0111110 1110 101111111 10111110 011111111 010 1110 101110 100 10111110 100 010 1110 1111110 00 111111110 00 100 1110 101110 111110 1110 100 010 10110 100 010 11110 010 111110 1111110 010 100 101110 011111111 1110 101110 111110 1110 101111110 00 111111110 10111110 10110 011111111 101111111 011111111 010 1110 101111110 010 111111110 101110 011111111 1110 010 0111110 0111110 010 1110 011110 101110 111111110 111111110 10111110 01110 1110 1111110 00 111111110 00 100 010 1110 010 10111110 1110 1111111110 10111110 110 101110 101111111 011111111 1110 111110 10111110 111111110 111111110 101111111 1110 10110 101111111 100 101110 101111111 011111111 10111110 100 0110 
1010 11111110 011110 010 10110 011111111 010 10111110 100 1110 0111110 101110 111110 011111111 1110 00 011110 011110 101111111 010 011110 101111111 011111111 1110 011110 10111110 10110 101110 1111110 101111111 011111111 101111111 011111111 1110 111110 00 111110 1110 10110 100 00 101110 1111110 010 111110 011111111 1011110 1110 0111110 10111110 111110 011111111 1110 101110 111110 1110 011110 10111110 111111110 10110 101111111 1110 011111110 10111110 101110 1110 00 1111111110 1111111110 101110 011110 101110 101111111 1110 1111110 010 0111110 010 100 10111110 111110 011111111 1110 01110 00 111111110 111111110 101110 011111111 1110 101111111 111110 101110 01110 1110 101110 1111110 1110 010 0111110 011111111 1110 111111110 101111111 01111110 00 100 10111110 01110 0110 
